v,27,4,1,1,0.7;
v,35,4,1,1,0.7;
l,0,1;
v,24,5,1,1,0.7;
v,26,5,1,1,0.7;
l,2,3;
v,22,6,1,1,0.7;
v,23,6,1,1,0.7;
l,4,5;
v,21,7,1,1,0.7;
p,6;
v,20,8,1,1,0.7;
v,19,8,1,1,0.7;
l,7,8;
v,18,9,1,1,0.7;
p,9;
v,17,10,1,1,0.7;
p,10;
v,16,11,1,1,0.7;
v,16,12,1,1,0.7;
l,11,12;
v,15,13,1,1,0.7;
p,13;
v,14,14,1,1,0.7;
v,14,15,1,1,0.7;
l,14,15;
v,13,16,1,1,0.7;
v,13,18,1,1,0.7;
l,16,17;
v,12,19,1,1,0.7;
v,12,27,1,1,0.7;
l,18,19;
v,13,28,1,1,0.7;
v,13,30,1,1,0.7;
l,20,21;
v,14,31,1,1,0.7;
v,14,32,1,1,0.7;
l,22,23;
v,15,33,1,1,0.7;
p,24;
v,16,34,1,1,0.7;
v,16,35,1,1,0.7;
l,25,26;
v,22,41,1,1,0.7;
l,26,27;
v,23,41,1,1,0.7;
l,27,28;
v,25,43,1,1,0.7;
l,28,29;
v,25,44,1,1,0.7;
l,29,30;
v,26,45,1,1,0.7;
v,26,47,1,1,0.7;
l,31,32;
v,27,47,1,1,0.7;
l,32,33;
v,27,48,1,1,0.7;
l,33,34;
v,28,49,1,1,0.7;
p,35;
v,28,50,0.76471,0.76471,0.76471;
v,28,53,0.49804,0.49804,0.49804;
l,36,37;
v,29,55,0.49804,0.49804,0.49804;

v,30,55,0.49804,0.49804,0.49804;
p,39;

v,36,5,1,1,0.7;
v,38,5,1,1,0.7;
l,40,41;
v,39,6,1,1,0.7;
v,40,6,1,1,0.7;
l,42,43;
v,42,8,1,1,0.7;
l,43,44;
v,43,8,1,1,0.7;
l,44,45;
v,46,11,1,1,0.7;
l,45,46;
v,46,12,1,1,0.7;
l,46,47;
v,48,14,1,1,0.7;
l,47,48;
v,48,15,1,1,0.7;
l,48,49;
v,49,16,1,1,0.7;
l,49,50;
v,49,18,1,1,0.7;
l,50,51;
v,50,19,1,1,0.7;
v,50,27,1,1,0.7;
l,52,53;
v,49,28,1,1,0.7;
v,49,30,1,1,0.7;
l,54,55;
v,48,31,1,1,0.7;
v,48,32,1,1,0.7;
l,56,57;
v,46,34,1,1,0.7;
l,57,58;
v,46,35,1,1,0.7;
l,58,59;
v,40,41,1,1,0.7;
l,59,60;
v,39,41,1,1,0.7;
l,60,61;
v,37,43,1,1,0.7;
l,61,62;
v,37,44,1,1,0.7;
l,62,63;
v,36,45,1,1,0.7;
v,36,47,1,1,0.7;
l,64,65;
v,35,47,1,1,0.7;
v,35,48,1,1,0.7;
l,66,67;
v,34,49,1,1,0.7;
p,68;
v,34,50,0.76471,0.76471,0.76471;
v,34,53,0.49804,0.49804,0.49804;
l,69,70;
v,32,55,0.49804,0.49804,0.49804;
v,31,53,0.49804,0.49804,0.49804;
t,72,70,71;
t,36,70,37;
t,69,70,36;
v,31,55,1.00000, 0.78824, 0.05490;
v,31,54,1.00000, 0.78824, 0.05490;
l,73,74;
v,30,53,1.00000, 0.78824, 0.05490;
p,75;
v,32,53,1.00000, 0.78824, 0.05490;
p,76;
t,37,72,39;
v,29,41,0.76471, 0.76471, 0.76471;
v,33,41,0.76471, 0.76471, 0.76471;
t,77,70,78;
t,77,37,78;
v,30,49,1.00000, 0.78824, 0.05490;
v,32,49,1.00000, 0.78824, 0.05490;
v,31,48,1.00000, 0.78824, 0.05490;
v,31,47,1.00000, 0.78824, 0.05490;
l,79,80;
l,81,82;
v,30,40,0,0,0;
v,32,12,0,0,0;
l,83,84;
v,31,40,1.00000, 0.49804, 0.15294;
v,29,39,1.00000, 0.49804, 0.15294;
p,85;
p,86;
v,29,38,1.00000, 0.49804, 0.15294;
v,30,38,1.00000, 0.49804, 0.15294;
p,87;
p,88;
v,31,37,1.00000, 0.49804, 0.15294;
v,33,37,1.00000, 0.49804, 0.15294;
l,89,90;
v,33,36,1.00000, 0.49804, 0.15294;
v,34,36,1.00000, 0.49804, 0.15294;;
p,91;
p,92;
v,34,33,1.00000, 0.49804, 0.15294;
l,92,93;
v,33,33,1.00000, 0.49804, 0.15294;
v,33,31,1.00000, 0.49804, 0.15294;
l,94,95;
v,32,31,1.00000, 0.49804, 0.15294;
v,31,30,1.00000, 0.49804, 0.15294;
l,96,97;
v,29,30,1.00000, 0.49804, 0.15294;
v,26,26,1.00000, 0.49804, 0.15294;
l,98,99;
v,28,23,1.00000, 0.49804, 0.15294;
l,99,100;
v,35,19,1.00000, 0.49804, 0.15294;
l,100,101;
v,32,16,1.00000, 0.49804, 0.15294;
v,35,18,1.00000, 0.49804, 0.15294;
l,103,102;
v,30,15,1.00000, 0.49804, 0.15294;
p,104;
v,29,14,1.00000, 0.49804, 0.15294;
v,31,12,1.00000, 0.49804, 0.15294;
l,105,106;